PassengerId,Survived
854,1
541,1
260,1
691,0
470,1
871,0
58,0
708,0
449,1
294,1
418,1
176,0
284,0
766,1
427,1
41,0
105,0
312,1
393,0
545,0
383,0
891,0
97,0
269,1
752,0
328,1
310,1
798,1
254,0
727,1
333,1
853,1
756,0
759,0
690,1
100,0
730,1
562,0
882,0
321,0
596,0
401,0
851,0
600,0
592,1
671,1
185,1
146,0
461,0
531,1
403,1
381,1
635,1
174,0
507,1
350,0
136,0
109,0
74,0
234,0
809,0
536,1
801,0
326,1
298,1
709,1
834,0
148,1
397,1
44,1
852,0
725,0
42,1
677,0
51,0
450,0
764,1
191,1
31,0
143,1
744,0
526,0
232,0
367,1
575,0
346,1
513,0
128,0
144,0
198,0
542,1
115,1
364,0
824,1
250,0
788,0
645,1
14,0
516,0
347,1
3,1
689,0
413,1
841,0
636,1
322,0
792,0
832,0
161,0
173,1
845,0
738,1
454,0
819,0
290,1
229,0
544,0
617,0
439,0
375,1
837,0
228,0
715,0
610,1
884,0
85,1
623,0
300,1
781,1
584,0
225,0
8,0
552,0
28,1
627,0
283,0
22,0
750,0
361,0
787,1
669,0
442,0
374,1
218,0
867,1
188,0
647,0
64,0
266,0
400,1
334,0
489,0
849,0
747,0
138,0
591,0
419,0
652,1
477,0
238,1
264,0
511,0
557,1
104,0
125,0
566,0
570,0
517,1
82,0
140,0
415,0
10,1
386,0
770,0
342,1
646,0
76,0
629,0
324,1
830,1
54,1
281,0
872,1
112,1
233,0
587,0
549,0
135,0
73,0
810,1
107,1
220,0
71,0
147,0
80,1
94,0
154,0
371,0
745,0
19,1
332,0
479,0
211,0
158,0
493,0
699,0
320,1
243,0
453,0
580,0
877,0
217,1
434,0
184,0
890,0
